Datetime,Open,High,Low,Close,Adj Close,Volume
2022-09-18 00:00:00+00:00,20127.234375,20127.234375,20110.4375,20110.4375,20110.4375,0
2022-09-18 00:05:00+00:00,20087.5390625,20087.5390625,20051.330078125,20051.330078125,20051.330078125,1810432
2022-09-18 00:10:00+00:00,20035.857421875,20035.857421875,20007.0859375,20017.06640625,20017.06640625,16769024
2022-09-18 00:15:00+00:00,20019.04296875,20033.4921875,20019.04296875,20020.7421875,20020.7421875,47087616
2022-09-18 00:20:00+00:00,20014.05078125,20014.05078125,19996.91796875,19996.91796875,19996.91796875,54226944
2022-09-18 00:25:00+00:00,19996.96875,19998.576171875,19994.33984375,19998.576171875,19998.576171875,1101824
2022-09-18 00:30:00+00:00,19999.541015625,20007.74609375,19999.541015625,20000.728515625,20000.728515625,0
2022-09-18 00:35:00+00:00,19999.5078125,20000.41796875,19996.263671875,20000.41796875,20000.41796875,0
2022-09-18 00:40:00+00:00,20006.4140625,20017.0390625,20006.4140625,20017.0390625,20017.0390625,0
2022-09-18 00:45:00+00:00,20018.96484375,20031.501953125,20018.96484375,20031.501953125,20031.501953125,1134592
2022-09-18 00:50:00+00:00,20029.697265625,20029.697265625,20012.34375,20012.34375,20012.34375,0
2022-09-18 00:55:00+00:00,20004.7421875,20004.7421875,19996.369140625,19996.369140625,19996.369140625,0
2022-09-18 01:00:00+00:00,19994.056640625,19998.302734375,19994.056640625,19998.302734375,19998.302734375,0
2022-09-18 01:05:00+00:00,19999.244140625,19999.390625,19994.681640625,19994.681640625,19994.681640625,4020224
2022-09-18 01:10:00+00:00,19994.90234375,20014.65625,19994.90234375,20014.65625,20014.65625,18757632
2022-09-18 01:15:00+00:00,20016.26171875,20029.8828125,20016.26171875,20029.8828125,20029.8828125,0
2022-09-18 01:20:00+00:00,20032.02734375,20038.119140625,20032.02734375,20038.119140625,20038.119140625,1757184
2022-09-18 01:25:00+00:00,20042.576171875,20044.05859375,20035.533203125,20035.533203125,20035.533203125,6273024
2022-09-18 01:30:00+00:00,20037.1015625,20038.064453125,20037.1015625,20038.064453125,20038.064453125,1271808
2022-09-18 01:33:00+00:00,20038.27734375,20038.27734375,20038.27734375,20038.27734375,20038.27734375,0
