Datetime,Open,High,Low,Close,Adj Close,Volume
2022-09-18 00:00:00+00:00,20127.234375,20127.234375,20127.234375,20127.234375,20127.234375,0
2022-09-18 00:01:00+00:00,20120.576171875,20120.576171875,20120.576171875,20120.576171875,20120.576171875,0
2022-09-18 00:02:00+00:00,20118.05078125,20118.05078125,20118.05078125,20118.05078125,20118.05078125,0
2022-09-18 00:03:00+00:00,20110.4375,20110.4375,20110.4375,20110.4375,20110.4375,0
2022-09-18 00:04:00+00:00,20096.771484375,20096.771484375,20096.771484375,20096.771484375,20096.771484375,2058240
2022-09-18 00:05:00+00:00,20087.5390625,20087.5390625,20087.5390625,20087.5390625,20087.5390625,0
2022-09-18 00:06:00+00:00,20080.337890625,20080.337890625,20080.337890625,20080.337890625,20080.337890625,0
2022-09-18 00:07:00+00:00,20055.443359375,20055.443359375,20055.443359375,20055.443359375,20055.443359375,1261568
2022-09-18 00:08:00+00:00,20055.03125,20055.03125,20055.03125,20055.03125,20055.03125,0
2022-09-18 00:09:00+00:00,20051.330078125,20051.330078125,20051.330078125,20051.330078125,20051.330078125,548864
2022-09-18 00:10:00+00:00,20035.857421875,20035.857421875,20035.857421875,20035.857421875,20035.857421875,0
2022-09-18 00:11:00+00:00,20027.3671875,20027.3671875,20027.3671875,20027.3671875,20027.3671875,0
2022-09-18 00:12:00+00:00,20024.029296875,20024.029296875,20024.029296875,20024.029296875,20024.029296875,2179072
2022-09-18 00:13:00+00:00,20007.0859375,20007.0859375,20007.0859375,20007.0859375,20007.0859375,3903488
2022-09-18 00:14:00+00:00,20017.06640625,20017.06640625,20017.06640625,20017.06640625,20017.06640625,10686464
2022-09-18 00:15:00+00:00,20019.04296875,20019.04296875,20019.04296875,20019.04296875,20019.04296875,9611264
2022-09-18 00:16:00+00:00,20030.037109375,20030.037109375,20030.037109375,20030.037109375,20030.037109375,5040128
2022-09-18 00:17:00+00:00,20032.53125,20032.53125,20032.53125,20032.53125,20032.53125,31987712
2022-09-18 00:18:00+00:00,20033.4921875,20033.4921875,20033.4921875,20033.4921875,20033.4921875,448512
2022-09-18 00:19:00+00:00,20020.7421875,20020.7421875,20020.7421875,20020.7421875,20020.7421875,0
2022-09-18 00:20:00+00:00,20014.05078125,20014.05078125,20014.05078125,20014.05078125,20014.05078125,3692544
2022-09-18 00:21:00+00:00,20012.1875,20012.1875,20012.1875,20012.1875,20012.1875,20383744
2022-09-18 00:22:00+00:00,20002.330078125,20002.330078125,20002.330078125,20002.330078125,20002.330078125,6680576
2022-09-18 00:23:00+00:00,19998.470703125,19998.470703125,19998.470703125,19998.470703125,19998.470703125,22122496
2022-09-18 00:24:00+00:00,19996.91796875,19996.91796875,19996.91796875,19996.91796875,19996.91796875,1347584
2022-09-18 00:25:00+00:00,19996.96875,19996.96875,19996.96875,19996.96875,19996.96875,0
2022-09-18 00:26:00+00:00,19994.33984375,19994.33984375,19994.33984375,19994.33984375,19994.33984375,1101824
2022-09-18 00:27:00+00:00,19996.0234375,19996.0234375,19996.0234375,19996.0234375,19996.0234375,0
2022-09-18 00:28:00+00:00,19995.279296875,19995.279296875,19995.279296875,19995.279296875,19995.279296875,0
2022-09-18 00:29:00+00:00,19998.576171875,19998.576171875,19998.576171875,19998.576171875,19998.576171875,0
2022-09-18 00:30:00+00:00,19999.541015625,19999.541015625,19999.541015625,19999.541015625,19999.541015625,0
2022-09-18 00:31:00+00:00,20007.74609375,20007.74609375,20007.74609375,20007.74609375,20007.74609375,0
2022-09-18 00:32:00+00:00,20003.421875,20003.421875,20003.421875,20003.421875,20003.421875,0
2022-09-18 00:33:00+00:00,20003.822265625,20003.822265625,20003.822265625,20003.822265625,20003.822265625,0
2022-09-18 00:34:00+00:00,20000.728515625,20000.728515625,20000.728515625,20000.728515625,20000.728515625,0
2022-09-18 00:35:00+00:00,19999.5078125,19999.5078125,19999.5078125,19999.5078125,19999.5078125,0
2022-09-18 00:36:00+00:00,19997.74609375,19997.74609375,19997.74609375,19997.74609375,19997.74609375,0
2022-09-18 00:37:00+00:00,19996.263671875,19996.263671875,19996.263671875,19996.263671875,19996.263671875,0
2022-09-18 00:38:00+00:00,20000.25,20000.25,20000.25,20000.25,20000.25,0
2022-09-18 00:39:00+00:00,20000.41796875,20000.41796875,20000.41796875,20000.41796875,20000.41796875,0
2022-09-18 00:40:00+00:00,20006.4140625,20006.4140625,20006.4140625,20006.4140625,20006.4140625,0
2022-09-18 00:41:00+00:00,20007.111328125,20007.111328125,20007.111328125,20007.111328125,20007.111328125,0
2022-09-18 00:42:00+00:00,20007.67578125,20007.67578125,20007.67578125,20007.67578125,20007.67578125,0
2022-09-18 00:43:00+00:00,20014.05859375,20014.05859375,20014.05859375,20014.05859375,20014.05859375,0
2022-09-18 00:44:00+00:00,20017.0390625,20017.0390625,20017.0390625,20017.0390625,20017.0390625,0
2022-09-18 00:45:00+00:00,20018.96484375,20018.96484375,20018.96484375,20018.96484375,20018.96484375,0
2022-09-18 00:46:00+00:00,20028.521484375,20028.521484375,20028.521484375,20028.521484375,20028.521484375,0
2022-09-18 00:47:00+00:00,20028.443359375,20028.443359375,20028.443359375,20028.443359375,20028.443359375,0
2022-09-18 00:48:00+00:00,20030.998046875,20030.998046875,20030.998046875,20030.998046875,20030.998046875,1134592
2022-09-18 00:49:00+00:00,20031.501953125,20031.501953125,20031.501953125,20031.501953125,20031.501953125,0
2022-09-18 00:50:00+00:00,20029.697265625,20029.697265625,20029.697265625,20029.697265625,20029.697265625,0
2022-09-18 00:51:00+00:00,20027.55859375,20027.55859375,20027.55859375,20027.55859375,20027.55859375,0
2022-09-18 00:52:00+00:00,20020.169921875,20020.169921875,20020.169921875,20020.169921875,20020.169921875,0
2022-09-18 00:53:00+00:00,20014.10546875,20014.10546875,20014.10546875,20014.10546875,20014.10546875,0
2022-09-18 00:54:00+00:00,20012.34375,20012.34375,20012.34375,20012.34375,20012.34375,0
2022-09-18 00:55:00+00:00,20004.7421875,20004.7421875,20004.7421875,20004.7421875,20004.7421875,0
2022-09-18 00:56:00+00:00,20001.55078125,20001.55078125,20001.55078125,20001.55078125,20001.55078125,0
2022-09-18 00:57:00+00:00,20001.71484375,20001.71484375,20001.71484375,20001.71484375,20001.71484375,0
2022-09-18 00:58:00+00:00,19996.791015625,19996.791015625,19996.791015625,19996.791015625,19996.791015625,0
2022-09-18 00:59:00+00:00,19996.369140625,19996.369140625,19996.369140625,19996.369140625,19996.369140625,0
2022-09-18 01:00:00+00:00,19994.056640625,19994.056640625,19994.056640625,19994.056640625,19994.056640625,0
2022-09-18 01:01:00+00:00,19994.87890625,19994.87890625,19994.87890625,19994.87890625,19994.87890625,0
2022-09-18 01:02:00+00:00,19995.48046875,19995.48046875,19995.48046875,19995.48046875,19995.48046875,0
2022-09-18 01:03:00+00:00,19996.76953125,19996.76953125,19996.76953125,19996.76953125,19996.76953125,0
2022-09-18 01:04:00+00:00,19998.302734375,19998.302734375,19998.302734375,19998.302734375,19998.302734375,0
2022-09-18 01:05:00+00:00,19999.244140625,19999.244140625,19999.244140625,19999.244140625,19999.244140625,4020224
2022-09-18 01:06:00+00:00,19999.390625,19999.390625,19999.390625,19999.390625,19999.390625,0
2022-09-18 01:07:00+00:00,19995.83203125,19995.83203125,19995.83203125,19995.83203125,19995.83203125,0
2022-09-18 01:08:00+00:00,19996.529296875,19996.529296875,19996.529296875,19996.529296875,19996.529296875,0
2022-09-18 01:09:00+00:00,19994.681640625,19994.681640625,19994.681640625,19994.681640625,19994.681640625,0
2022-09-18 01:10:00+00:00,19994.90234375,19994.90234375,19994.90234375,19994.90234375,19994.90234375,0
2022-09-18 01:11:00+00:00,20004.455078125,20004.455078125,20004.455078125,20004.455078125,20004.455078125,1185792
2022-09-18 01:12:00+00:00,20004.71875,20004.71875,20004.71875,20004.71875,20004.71875,9875456
